
	Distribution Summary

Distribution:	Exponential  
Expression:	EXPO(32.9)
Square Error:	0.000001

Chi Square Test
  Number of intervals	= 33
  Degrees of freedom 	= 31
  Test Statistic     	= 32.5
  Corresponding p-value	= 0.401

	Data Summary

Number of Data Points	= 1000000
Min Data Value       	= 6.42e-006
Max Data Value       	= 438
Sample Mean          	= 32.9
Sample Std Dev       	= 32.9

	Histogram Summary

Histogram Range    	= 0 to 439
Number of Intervals	= 40


==================================================================
Int.   No. of               Probability           Cumulative      
No.    Data Pts.   x        Density               Distribution    
------------------------------------------------------------------
                            Data   Function       Data   Function   
   0  282755       11.0      0.283      0.283      0.283      0.283
   1  202997       21.9      0.203      0.203      0.486      0.486
   2  145444       32.9      0.145      0.146      0.631      0.632
   3  104826       43.9      0.105      0.104      0.736      0.736
   4  75133       54.9     0.0751     0.0747      0.811      0.811
   5  53757       65.8     0.0538     0.0536      0.865      0.865
   6  38376       76.8     0.0384     0.0384      0.903      0.903
   7  27517       87.8     0.0275     0.0275      0.931      0.930
   8  19575       98.8     0.0196     0.0197      0.950      0.950
   9  14074       110.     0.0141     0.0141      0.964      0.964
  10  10186       121.     0.0102     0.0101      0.975      0.974
  11  7060       132.    0.00706    0.00726      0.982      0.982
  12  5206       143.    0.00521    0.00520      0.987      0.987
  13  3724       154.    0.00372    0.00373      0.991      0.991
  14  2592       165.    0.00259    0.00267      0.993      0.993
  15  1880       176.    0.00188    0.00191      0.995      0.995
  16  1325       187.    0.00133    0.00137      0.996      0.997
  17  1031       198.    0.00103   0.000983      0.997      0.998
  18   699       209.   0.000699   0.000705      0.998      0.998
  19   521       219.   0.000521   0.000505      0.999      0.999
  20   404       230.   0.000404   0.000362      0.999      0.999
  21   258       241.   0.000258   0.000259      0.999      0.999
  22   198       252.   0.000198   0.000186       1.00       1.00
  23   126       263.   0.000126   0.000133       1.00       1.00
  24    90       274.  9.00e-005  9.55e-005       1.00       1.00
  25    65       285.  6.50e-005  6.84e-005       1.00       1.00
  26    44       296.  4.40e-005  4.90e-005       1.00       1.00
  27    45       307.  4.50e-005  3.52e-005       1.00       1.00
  28    29       318.  2.90e-005  2.52e-005       1.00       1.00
  29    20       329.  2.00e-005  1.81e-005       1.00       1.00
  30    13       340.  1.30e-005  1.29e-005       1.00       1.00
  31     6       351.  6.00e-006  9.27e-006       1.00       1.00
  32     7       362.  7.00e-006  6.65e-006       1.00       1.00
  33     4       373.  4.00e-006  4.76e-006       1.00       1.00
  34     4       384.  4.00e-006  3.41e-006       1.00       1.00
  35     3       395.  3.00e-006  2.45e-006       1.00       1.00
  36     2       406.  2.00e-006  1.75e-006       1.00       1.00
  37     2       417.  2.00e-006  1.26e-006       1.00       1.00
  38     0       428.      0.000  9.00e-007       1.00       1.00
  39     2       439.  2.00e-006  6.45e-007       1.00       1.00
